            
            35.6148800,
            139.5813000,
0.0160435,
            34.0522,
            -118.2437,
0.0104245,
            41.8781,
            -87.6298,
0.0085575,
            39.9523,
            -75.1638,
0.0072735,
            33.749,
            -84.388,
0.0092785,
            38.9924,
            -76.9475,
0.010674,
            25.789,
            -80.2264,
0.007493,
            29.7602,
            -95.3694,
0.0100285,
            32.803,
            -96.7699,
0.0098155,
            42.3314,
            -83.0458,
0.0369375,
            37.7141,
            -122.25,
0.0079585,
            43.3693,
            -71.9675,
0.0060025,
            43.666702,
            -79.4167,
0.0165655,
            51.5002,
            -0.12620544,
0.0530915,
            28.0836,
            -80.6081,
0.007237,
            41.0929,
            -82.2199,
0.007376,
            39.2904,
            -76.6122,
0.0072,
            47.4444,
            -122.3005,
0.0063495,
            27.3364,
            -82.5307,
0.0084395,
            37.9176,
            -121.171,
0.0079045,
            35.6201,
            -78.7299,
0.0118135,
            33.4484,
            -112.074,
0.006346,
            29.4241,
            -98.4936,
0.0068645,
            51.083298,
            -114.0833,
0.007116,
            32.7153,
            -117.1573,
0.006176,
            35.2271,
            -80.8431,
0.018481,
            39.7685,
            -86.1581,
0.0060645,
            40.4406,
            -79.9959,
0.0096385,
            32.7264,
            -96.993,
0.016671,
            37.3547,
            -77.1025,
0.0086355,
            49.8833,
            -97.1667,
0.021724,
            49.25,
            -123.1333,
0.0069465,
            45.5235,
            -122.6762,
0.00955,
            39.7392,
            -104.9847,
0.006484,
            39.9612,
            -82.9988,
0.0062235,
            53.550003,
            -113.5,
0.006568,
            39.1031,
            -84.512,
0.008242,
            45.2473,
            -93.4554,
0.006501,
            45.5,
            -73.5833,
0.0061285,
            45.416702,
            -75.7,
0.0098425,
            53.3331,
            -6.2489014,
0.0073585,
            38.627,
            -90.1994,
0.0066435,
            42.8864,
            -78.8784,
0.0081505,
            43.0389,
            -87.9065,
0.0086495,
            30.2672,
            -97.7431,
0.008197,
            27.5293,
            -80.359,
0.007116,
            36.1659,
            -86.7844,
0.011663,
            39.0997,
            -94.5786,
0.014279,
            30.3322,
            -81.6557,
0.0063645,
            29.9511,
            -90.0715,
0.056487,
            36.1146,
            -115.1728,
0.006349,
            35.7298,
            -80.4327,
0.062298,
            37.2279,
            -77.4019,
0.0149925,
            35.1495,
            -90.049,
0.011019,
            -31.933304,
            115.83331,
0.196513,
            -33.8833,
            151.2167,
0.011019,
            53.5,
            -2.2167053,
0.010059,
            41.6362,
            -70.9342,
0.006648,
            -37.816696,
            144.9667,
0.0072005,
            44.649994,
            -63.6,
0.008429,
            52.350006,
            4.9167023,
0.0069025,
            42.3212,
            -85.1797,
0.0060425,
            42.7833,
            -73.8566,
0.0155,
            36.3319,
            -119.3932,
0.027689,
            -27.5,
            153.0167,
0.007862,
            34.0007,
            -81.0348,
0.0079835,
            43.149994,
            -79.5,
0.0145285,
            37.566406,
            126.999695,
0.0091145,
            1.2931061,
            103.855804,
0.007981,
            38.2527,
            -85.7585,
0.086481,
            33.5207,
            -86.8025,
0.0191005,
            53.416702,
            -3,
0.0115755,
            49.1364,
            -122.821304,
0.006411,
            40.7608,
            -111.891,
0.0164425,
            39.9626,
            -76.7277,
0.006832,
            42.983307,
            -81.25,
0.007407,
            52.466705,
            -1.9167023,
0.0062915,
            43.161,
            -77.6109,
0.00697,
            30.5821,
            -84.1983,
0.0062695,
            43.683304,
            -79.7667,
0.0102795,
            34.842,
            -82.3452,
0.0158455,
            39.7589,
            -84.1916,
0.0061075,
            35.4676,
            -97.5164,
0.010025,
            43.0481,
            -76.1474,
0.0101045,
            49.25,
            -122.95,
0.016761,
            51.514206,
            -0.09309387,
0.0065575,
            48.433304,
            -123.35,
0.0500875,
            48.8667,
            2.3332977,
0.010171,
            38.0406,
            -84.5037,
0.011044,
            31.7587,
            -106.4869,
0.006832,
            59.916702,
            10.75,
0.0060595,
            30.6744,
            -96.37,
0.0137865,
            55.833298,
            -4.25,
0.0106165,
            43.25,
            -79.8333,
0.0063315,
            35.3654,
            -105.97,
0.0082505,
            32.0835,
            -81.0998,
0.0063365,
            30.4201,
            -86.617,
0.0063495,
            41.6639,
            -83.5552,
0.068508,
            18,
            -76.8,
0.006566,
            25.252197,
            55.28,
0.0061895,
            41.3352,
            -75.7323,
0.0567275,
            32.7766,
            -79.9309,
0.006479,
            39.8403,
            -88.9548,
0.0125615,
            34.2284,
            -92.0032,
0.0067855,
            21.3069,
            -157.8583,
0.018045,
            26.2034,
            -98.23,
0.0063545,
            64.149994,
            -21.949997,
0.0081315,
            32.2455,
            -110.9401,
0.007539,
            43.75,
            -79.2,
0.006501,
            30.4583,
            -91.1403,
0.01843,
            32.2988,
            -90.1848,
0.230765,
            45.266693,
            -66.0667,
0.006484,
            43.2322,
            -83.6774,
0.025356,
            52.966705,
            -1.1667023,
0.0059955,
            32.5252,
            -93.7502,
0.0079945,
            38.716705,
            -9.133301,
0.020845,
            -33.449997,
            -70.6667,
0.0072,
            51.916702,
            4.5,
0.0085925,
            35.116,
            -76.9182,
0.013566,
            26.225,
            -81.6056,
0.0079685,
            19.434204,
            -99.1386,
0.0112185,
            35.3733,
            -119.0187,
0.018351,
            53.3667,
            -1.5,
0.028811,
            43.449997,
            -80.5,
0.0071375,
            44.433304,
            26.100006,
0.006566,
            -34.933304,
            138.6,
0.0474525,
            33.4742,
            -82.0097,
0.008326,
            37.983307,
            23.733307,
0.0100975,
            14.604202,
            120.98221,
0.0073705,
            41.684,
            -85.9707,
0.006193,
            42.7325,
            -84.5555,
0.0284125,
            25.083298,
            -77.35,
0.0567275,
            0,
            0,
0.0072595,
            37.2903,
            -80.0343,
0.0111625,
            47.6588,
            -117.426,
0.0092355,
            47.5,
            19.083298,
0.039614,
            -22.899994,
            -43.233307,
0.0063015,
            38.4124,
            -82.427,
0.0137865,
            53.800003,
            -1.5832977,
0.0131345,
            38.8631,
            -104.8455,
0.0059665,
            33.9091,
            -79.7084,
0.0107645,
            35.9606,
            -83.9207,
0.0188975,
            14.648804,
            121.0509,
0.011992,
            -36.8667,
            174.7667,
0.0198865,
            42.2043,
            -72.6162,
0.0149925,
            34.7368,
            -86.9824,
0.0208465,
            52.6333,
            -1.1333008,
0.008162,
            52.1333,
            -106.6667,
0.0076725,
            40.353,
            -78.5283,
0.007986,
            43.0731,
            -89.4012,
0.4235785,
            51.449997,
            -2.5832977,
0.0065995,
            41.2524,
            -95.998,
0.006494,
            12.983307,
            77.58331,
0.0090155,
            43.7121,
            -70.2914,
0.0086615,
            13.75,
            100.51669,
0.006672,
            32.066696,
            34.766693,
0.007981,
            43.550003,
            -80.25,
0.0067505,
            6.4530945,
            3.3957977,
0.0062475,
            40.4905,
            -89.0612,
0.021446,
            32.8407,
            -83.6324,
0.00983,
            41.0998,
            -80.6495,
0.017585,
            41.0793,
            -85.1394,
0.006656,
            50.449997,
            -104.6167,
0.0062435,
            55.949997,
            -3.199997,
0.0258605,
            34.953,
            -120.4357,
0.0234805,
            18.975006,
            72.825806,
0.0066925,
            36.154,
            -95.9928,
0.011374,
            38.148,
            -97.8471,
0.0202055,
            32.461,
            -84.9877,
0.0191005,
            56.949997,
            24.100006,
0.009651,
            -26.199997,
            28.083298,
0.0186055,
            42.333298,
            -83.0333,
0.006553,
            30.2241,
            -92.0198,
0.0082805,
            44.6995,
            -73.4529,
0.0070375,
            38.3173,
            -88.9031,
0.0131345,
            44.2667,
            -88.385,
0.0082615,
            52.25,
            21,
0.017006,
            42.2711,
            -89.094,
0.0075465,
            47.550003,
            -52.666702,
0.0075255,
            50.899994,
            -1.3999939,
0.010193,
            35.0456,
            -85.3097,
0.0066925,
            43.686707,
            -79.4867,
0.021052,
            13.100006,
            -59.6167,
0.01586,
            -23.533295,
            -46.6167,
0.0066635,
            49.166702,
            -122.966705,
0.066845,
            52.083298,
            4.300003,
0.010193,
            41.899994,
            12.483307,
0.007266,
            60.391098,
            5.324707,
0.006757,
            49.899994,
            -119.4833,
0.0146015,
            43.8667,
            -79.2667,
0.008032,
            45.449997,
            -73.5667,
0.036698,
            52.083298,
            5.133301,
0.0061195,
            37.209,
            -93.2923,
0.0066115,
            54.9881,
            -1.6194,
0.0090155,
            42.0236,
            -93.6097,
0.021446,
            27.8006,
            -97.3964,
0.007401,
            14.566696,
            121.033295,
0.0119625,
            34.2257,
            -77.9447,
0.006855,
            44.0521,
            -123.0868,
0.0085085,
            36.6777,
            -121.6555,
0.0128525,
            46.800003,
            -71.25,
0.006504,
            51.5,
            -3.199997,
0.0062095,
            33.2152,
            -92.6407,
0.07848,
            43.899994,
            -78.8667,
0.006891,
            55.752197,
            37.6156,
0.0059455,
            41.5175,
            -90.5376,
0.0062485,
            46.5,
            -80.9667,
0.008772,
            22.283295,
            114.149994,
0.0074815,
            24.466705,
            54.3667,
0.020845,
            32.3046,
            -86.4133,
0.0060315,
            44.666702,
            -63.566704,
0.0061885,
            43.699997,
            -79.5667,
0.0535235,
            49.266693,
            -122.783295,
0.006831,
            53,
            -2.1833038,
0.0068555,
            50.833298,
            4.3332977,
0.008583,
            43.466705,
            -80.5333,
0.081962,
            59.333298,
            18.050003,
0.033359,
            43.316696,
            -79.8,
0.0295,
            53.3833,
            -2.600006,
0.1505365,
            40.4879,
            -98.9518,
0.009251,
            41.0186,
            28.964706,
0.008218,
            42.5006,
            -90.6646,
0.013718,
            29.6516,
            -82.3248,
0.0059765,
            43.783295,
            -79.6,
0.007116,
            43.433304,
            -79.6667,
0.0059765,
            40.399994,
            -3.6833038,
0.007342,
            44.3833,
            -79.7,
0.012101,
            33.8303,
            -116.5453,
0.014891,
            53.766693,
            -2.7167053,
0.0061105,
            54.583298,
            -5.933304,
0.006114,
            35.684998,
            139.7514,
0.008578,
            39.0558,
            -95.689,
0.88,
            38.3607,
            -75.5994,
0.0093135,
            44.233307,
            -76.4833,
0.010674,
            52.25,
            -0.8833008,
0.011044,
            31.6035,
            -94.6555,
0.011433,
            5.550003,
            -0.21670532,
0.012336,
            31.5785,
            -84.1557,
0.010595,
            33.5779,
            -101.8552,
0.029914,
            55.666702,
            12.583298,
0.006081,
            52.583298,
            -2.1333008,
0.006855,
            48.399994,
            -89.2333,
0.008961,
            36.4821,
            -82.4084,
0.0068645,
            39.5296,
            -119.8138,
0.0079825,
            42.1292,
            -80.0851,
0.066845,
            3.1667023,
            101.70001,
0.025877,
            -33.861496,
            151.2055,
0.0223615,
            39.7572,
            -121.8301,
0.0109345,
            43.8667,
            -79.4333,
0.009039,
            37.9716,
            -87.5711,
0.0328915,
            10.5,
            -66.9167,
0.0357965,
            43.166702,
            -79.2333,
0.006081,
            43.6126,
            -116.2111,
0.0063645,
            -1.2832947,
            36.816696,
0.011663,
            43.850006,
            -79.0167,
0.01325,
            45.466705,
            9.199997,
0.0205975,
            49.100006,
            -122.65,
0.0070915,
            39.928894,
            116.388306,
0.0074835,
            63.416702,
            10.416702,
0.086835,
            29.9852,
            -94.0613,
0.007265,
            45.600006,
            -73.7333,
0.0080005,
            49.316696,
            -123.066696,
0.0096915,
            45.949997,
            -66.6333,
0.00952,
            45.800003,
            16,
0.008923,
            34.1499,
            -89.0943,
0.07848,
            36.4164,
            -94.4547,
0.0085085,
            46.233307,
            -63.1333,
0.007981,
            43.8667,
            -78.9333,
0.021446,
            30.050003,
            31.25,
0.007708,
            -34.587494,
            -58.6725,
0.0231425,
            42.0987,
            -75.918,
0.024434,
            51.433304,
            -1,
0.0070425,
            18.466705,
            -69.9,
0.0323325,
            52.416702,
            -1.550003,
0.0070425,
            28.666702,
            77.216705,
0.275646,
            25.0392,
            121.524994,
0.011433,
            50.833298,
            -0.1499939,
0.007407,
            52.033295,
            -0.69999695,
0.0069415,
            49.050003,
            -122.3,
0.006085,
            51.898605,
            -8.495804,
0.006616,
            14,
            -61,
0.011183,
            38.9636,
            -92.3432,
0.006126,
            59.4339,
            24.728104,
0.006542,
            52.6333,
            1.300003,
0.0168915,
            10.649994,
            -61.5167,
0.017898,
            24.640793,
            46.772797,
0.00718,
            53.533295,
            -1.1166992,
0.0085835,
            52.933304,
            -1.5,
0.0511105,
            53.783295,
            -1.75,
0.0080855,
            -35.283295,
            149.2167,
0.006757,
            -6.1743927,
            106.82941,
0.0197925,
            30.4134,
            -89.073,
0.0062405,
            43.3833,
            -80.3167,
0.0084025,
            51.6333,
            -3.9667053,
0.0192995,
            40.4167,
            -86.8753,
0.0066435,
            43.1009,
            -75.2327,
0.012767,
            46.083298,
            -64.7667,
0.0094455,
            43.7094,
            -98.0298,
0.0109045,
            49.019196,
            -123.0867,
0.0111795,
            30.1588,
            -85.6602,
0.011639,
            51.3833,
            -0.1000061,
0.0062625,
            44.0925,
            -90.9057,
0.012025,
            46.4568,
            -119.4515,
0.0070735,
            41.3833,
            2.1833038,
0.018867,
            61.2181,
            -149.9003,
0.0205975,
            31.467,
            -89.3331,
0.0165655,
            60.1756,
            24.934204,
0.022905,
            40.3177,
            -80.6039,
0.0071645,
            51.8833,
            0.8999939,
0.0115265,
            51.449997,
            5.4667053,
0.0089425,
            31.8457,
            -102.3676,
0.0062625,
            33.9137,
            -98.4934,
0.0315485,
            43.800003,
            -79.4167,
0.0062235,
            -31.952194,
            115.86139,
0.099313,
            5.341095,
            -4.0281067,
0.006529,
            13.449997,
            123.66669,
0.007315,
            28.600006,
            77.20001,
0.0065715,
            -28,
            153.43329,
0.0346175,
            39.4667,
            -87.4139,
0.0124295,
            48.199997,
            16.3667,
0.0673265,
            43.9748,
            -75.9108,
0.0061075,
            43.1333,
            -80.2667,
0.014279,
            42.399994,
            -82.1833,
0.006887,
            53.216705,
            6.550003,
0.006891,
            44.300003,
            -78.3333,
0.0213805,
            50.396393,
            -4.1385956,
0.0064495,
            50.666702,
            -120.3333,
0.0252215,
            52.583298,
            -0.25,
0.1505365,
            49.166702,
            -121.95,
0.0110105,
            31.3113,
            -92.4451,
0.006616,
            4.600006,
            -74.0833,
0.0748835,
            53.916702,
            -122.7667,
0.0064565,
            53.399994,
            -2.149994,
0.0079585,
            31.779999,
            35.229996,
0.007924,
            53.533295,
            -2.6166992,
0.0346175,
            57.1333,
            -2.100006,
0.29215,
            49.25,
            -122.5,
0.007337,
            14.633301,
            121.04999,
0.2358225,
            51.75,
            -1.25,
0.0061065,
            53.966705,
            -1.0832977,
0.0067855,
            51.583298,
            0.19999695,
0.015917,
            43.8667,
            -79.0333,
0.0083835,
            49.216705,
            -122.9167,
0.0192995,
            27.5064,
            -99.5075,
0.0123985,
            45.483307,
            -75.65,
0.024434,
            52.266693,
            -113.8,
0.0304205,
            50.716705,
            -1.8833008,
0.007472,
            33.0114,
            -115.4734,
0.0076145,
            53.716705,
            -0.33329773,
0.0220545,
            57.716705,
            11.966705,
0.0115265,
            53.271896,
            -9.048904,
0.0071275,
            30.2266,
            -93.2174,
0.0106485,
            49.149994,
            -123.9167,
0.007447,
            51.583298,
            -2.983307,
0.0077525,
            53.583298,
            -2.4333038,
0.0075625,
            29.369705,
            47.978302,
0.0068935,
            -27.470993,
            153.02429,
0.0068555,
            48.147,
            -103.618,
0.0082345,
            44.818604,
            20.468094,
0.008197,
            32.533295,
            -117.0167,
0.006394,
            35.222,
            -101.8313,
0.0095125,
            25.286697,
            51.533295,
0.0535235,
            21.516907,
            39.219193,
0.039261,
            -12.050003,
            -77.05,
0.0076145,
            46.9233,
            -98.0032,
0.00945,
            56.5,
            -2.9667053,
0.0066095,
            36.9903,
            -86.4436,
0.012205,
            46.055298,
            14.514404,
0.006208,
            49.699997,
            -112.8333,
0.007539,
            55.166702,
            -118.8,
0.0064015,
            53.516693,
            -113.3167,
0.01287,
            53.433304,
            -1.3500061,
0.094662,
            14.670807,
            -17.438095,
0.008337,
            -43.533295,
            172.6333,
0.0063645,
            52.600006,
            -2,
0.0074955,
            53.25,
            -1.4167023,
0.0208465,
            53.816696,
            -3.050003,
0.006639,
            42.0898,
            -76.8077,
0.0101505,
            38.0293,
            -78.4767,
0.0104245,
            10.311096,
            123.89169,
0.006639,
            58.966705,
            5.75,
0.0062575,
            43.100006,
            -79.05,
0.0081505,
            43.300003,
            5.399994,
0.196513,
            53.233307,
            -0.5332947,
0.0258605,
            13.100006,
            -59.566704,
0.00655,
            33.871902,
            35.509705,
0.0066715,
            -6.800003,
            39.283295,
0.0121345,
            48.149994,
            17.1167,
0.011433,
            44.6545,
            -85.386,
0.017898,
            -33.916702,
            18.416702,
0.006424,
            20.666702,
            -103.3333,
0.011486,
            44.050003,
            -79.45,
0.008937,
            52.083298,
            1.1667023,
0.006189,
            51.833298,
            -2.25,
0.07848,
            52.664703,
            -8.623093,
0.0081615,
            53.199997,
            -2.9167023,
0.015917,
            37.8025,
            -80.9871,
0.006054,
            42.2254,
            -121.7726,
0.0369375,
            39.0384,
            -80.4673,
0.007242,
            43.516693,
            -79.8833,
0.0214865,
            51.833298,
            5.866699,
0.0085735,
            52.199997,
            0.11669922,
0.013718,
            -8.838303,
            13.2344055,
0.012139,
            53.649994,
            -1.7832947,
0.0082315,
            54.5728,
            -1.162796,
0.0092995,
            31.2232,
            -85.3905,
0.0140555,
            -25.706894,
            28.2294,
0.009975,
            49.833298,
            -99.95,
0.009251,
            38.4496,
            -78.8689,
0.013602,
            40.4025,
            -91.3944,
0.0107645,
            53.050003,
            -3,
0.007847,
            51.25,
            0.75,
0.0135935,
            50.083298,
            19.916702,
0.006176,
            46.8721,
            -113.994,
0.007498,
            54.766693,
            -1.5666962,
0.006732,
            33.5066,
            -90.2117,
0.006732,
            32.5714,
            -100.231,
0.0075865,
            51.733307,
            0.48330688,
0.0059605,
            53.449997,
            -2.733307,
0.0063015,
            50.800003,
            -0.36669922,
0.0111795,
            36.763107,
            3.0505981,
0.0089425,
            52.516693,
            13.399994,
0.041905,
            52.1333,
            -0.44999695,
0.0079045,
            42.683304,
            23.316696,
0.02547,
            -37.813904,
            144.96341,
0.0070065,
            52.516693,
            -1.4667053,
0.006501,
            10.283295,
            -61.466698,
0.015917,
            16.449997,
            120.54999,
0.1505365,
            52.6333,
            -2.5,
0.041587,
            51.6333,
            -0.7666931,
0.1833905,
            51.100006,
            17.033295,
0.006637,
            51.266693,
            0.5166931,
0.0067485,
            54.911896,
            -1.3833008,
0.007458,
            53.550003,
            -1.4833069,
0.0766435,
            -41.300003,
            174.7833,
0.009637,
            25.666702,
            -100.3167,
0.0186055,
            51.1167,
            -0.18330383,
0.017197,
            51.5,
            -0.5832977,
0.007661,
            51.933304,
            -2.100006,
0.010612,
            51.75,
            -0.33329773,
0.016743,
            44.0805,
            -103.231,
0.006482,
            53.699997,
            -1.4833069,
0.0062915,
            52.199997,
            -2.199997,
0.012767,
            45.75,
            4.850006,
0.009987,
            49.266693,
            -122.783295,
0.0165655,
            46.5,
            -84.3333,
0.006953,
            52.3667,
            4.649994,
0.0063545,
            52.3667,
            -1.25,
0.021802,
            40.640305,
            22.943893,
0.010388,
            -19.916702,
            -43.933304,
0.012139,
            46.149994,
            -60.166702,
0.0070705,
            33.593094,
            -7.616394,
0.0302275,
            51.216705,
            4.4167023,
0.012102,
            51.8833,
            -0.41670227,
0.0158965,
            44.483307,
            11.333298,
0.010474,
            32.3643,
            -88.7037,
0.020133,
            51.899994,
            -2.0832977,
0.006284,
            52.3667,
            5.149994,
0.0752535,
            51.266693,
            -1.0832977,
0.0150705,
            34.0253,
            -6.8361053,
0.008574,
            54.583298,
            -1.4167023,
0.0108905,
            32.815598,
            34.989197,
0.0131345,
            10.633301,
            -61.283302,
0.0275335,
            51.550003,
            0.16670227,
0.0196965,
            -25.416702,
            -49.25,
0.01608,
            3.0832977,
            101.649994,
0.0152305,
            50.266693,
            -119.2667,
0.0062095,
            51.666702,
            -0.3999939,
0.008734,
            50.699997,
            -3.5332947,
0.00702,
            51.050003,
            3.7167053,
0.006568,
            53.550003,
            -2.1166992,
0.006483,
            44.8012,
            -68.7778,
0.0155015,
            44,
            -79.4667,
0.007981,
            53.399994,
            -3.0332947,
0.009468,
            52.416702,
            16.966705,
0.29215,
            45.6108,
            -89.5267,
0.011663,
            43.600006,
            -79.65,
0.0161005,
            -33.816696,
            151.1,
0.052554,
            45.533295,
            -73.5167,
0.0107645,
            47.3667,
            8.550003,
0.0119895,
            35.8423,
            -90.7043,
0.010036,
            32.080597,
            34.814194,
0.006736,
            14.509399,
            120.9931,
0.0108355,
            31.005005,
            121.4086,
0.006284,
            -8.050003,
            -34.899994,
0.013133,
            34.7745,
            -96.6783,
0.01586,
            42.7958,
            -112.8256,
0.0119895,
            51.566696,
            4.800003,
0.0066615,
            51.466705,
            -0.3500061,
0.0145285,
            35.6145,
            -88.8139,
0.0061065,
            44.789993,
            -63.71,
0.0090635,
            18.466705,
            -77.9167,
0.007087,
            -24.646393,
            25.911896,
0.0079835,
            54.945007,
            -1.6174927,
0.0100975,
            18.420807,
            -66.0616,
0.006054,
            43.916702,
            -80.0833,
0.037574,
            -37.766693,
            144.9667,
0.0062475,
            45.399994,
            -71.9,
0.006519,
            53.716705,
            -1.8500061,
0.006285,
            53.266693,
            -2.9333038,
0.0065725,
            42.5,
            -96.4003,
0.0064685,
            0.38000488,
            -0.7720947,
0.0062245,
            53.75,
            -2.483307,
0.0118095,
            42.983307,
            -79.25,
0.009584,
            -12.983307,
            -38.516693,
0.137606,
            50.796707,
            -1.0832977,
0.0063545,
            38.9585,
            -108.6176,
0.0066805,
            45.7833,
            -108.5007,
0.025096,
            15.300003,
            -61.4,
0.006482,
            49.5,
            -119.5833,
0.0284125,
            51.345795,
            -2.967804,
0.006198,
            0,
            0,
0.0071225,
            53.6333,
            -113.6333,
0.01366,
            44.25,
            -79.4667,
0.0063935,
            26.533295,
            -78.7,
0.0089425,
            50.083298,
            14.466705,
0.007265,
            53.666702,
            -3,
0.00945,
            53.6167,
            -2.149994,
0.011044,
            51.021103,
            -3.1047058,
0.0070425,
            45.050003,
            7.6667023,
0.0184475,
            61.5,
            23.75,
0.0295765,
            32.6519,
            -115.4683,
0.026366,
            56.733307,
            -111.3833,
0.006321,
            47.04,
            -92.0522,
0.011153,
            41.149994,
            -8.616699,
0.006535,
            52.25,
            0.7167053,
0.006637,
            43.6666,
            -92.9746,
0.0690415,
            17.983307,
            -76.95,
0.006139,
            17.966705,
            -76.8667,
0.01057,
            43.766693,
            11.25,
0.0111795,
            -33.800003,
            151.18329,
0.006501,
            -15.783295,
            -47.916702,
0.0872465,
            21.033295,
            105.850006,
0.0087295,
            -37.86,
            144.97171,
0.0098525,
            51.533295,
            0.69999695,
0.0075475,
            55.600006,
            13,
0.0252215,
            -37.833298,
            145.0333,
0.049796,
            56.083298,
            -3.4667053,
0.018701,
            52.766693,
            -1.199997,
0.007376,
            43.216705,
            -79.75,
0.0198865,
            45.6704,
            -111.2483,
0.0266415,
            51.3833,
            0.5166931,
0.0069465,
            -33.766693,
            150.91669,
0.0064305,
            51.216705,
            -0.56669617,
0.009696,
            51.566696,
            0.46670532,
0.006542,
            53.100006,
            -2.4333038,
0.0220545,
            31.964203,
            34.804398,
0.0120025,
            37.4241,
            -94.7003,
0.008875,
            43.600006,
            1.4333038,
0.0079835,
            51.783295,
            0.16670227,
0.0067055,
            52.5,
            -2.0832977,
0.012474,
            -22.570007,
            17.083603,
0.0060065,
            43.8667,
            -79.5,
0.0160435,
            53.1333,
            -1.199997,
0.070752,
            55,
            -7.3332977,
0.0066435,
            51.399994,
            0.05000305,
0.006736,
            45.416702,
            11.883301,
0.0084395,
            52.600006,
            19.100006,
0.006811,
            42.966705,
            -82.4,
0.0075255,
            53.800003,
            -2.233307,
0.0357965,
            47.166702,
            27.600006,
0.0066875,
            51.449997,
            0.21670532,
0.0367565,
            45.333298,
            -75.9,
0.007708,
            -38.1333,
            145.1167,
0.0231425,
            50.800003,
            0.25,
0.0155,
            52.416702,
            -1.7832947,
0.006198,
            46.300003,
            -79.45,
0.006566,
            13.083298,
            80.283295,
0.0145705,
            51.333298,
            0.75,
0.006406,
            52.216705,
            5.9667053,
0.0085055,
            14.390305,
            121.047485,
0.0085055,
            51.316696,
            -0.5332947,
0.0223615,
            51.399994,
            -0.16670227,
0.00655,
            51.1297,
            -3.000595,
0.017585,
            54.987793,
            -1.421402,
0.006367,
            51.399994,
            0.56669617,
0.0061575,
            -33.899994,
            150.93329,
0.0171215,
            44.728897,
            -63.6644,
0.010514,
            51.75,
            -0.46670532,
0.0073695,
            45.346695,
            -75.77,
0.006026,
            54.683304,
            25.316696,
0.006071,
            50.833298,
            -0.18330383,
0.0081505,
            51.050003,
            -0.33329773,
0.011374,
            51.416702,
            -0.75,
0.018867,
            52.300003,
            -0.69999695,
0.0094855,
            51.379395,
            -2.3656006,
0.0065085,
            14.5578,
            121.3461,
0.0217925,
            47.916702,
            106.91669,
0.0070065,
            32.294205,
            -64.7839,
0.0087705,
            51.916702,
            -0.21670532,
0.021802,
            50.949997,
            -2.6333008,
0.0060595,
            39.466705,
            -0.36669922,
0.005978,
            43.8833,
            -79.7333,
0.008696,
            40.7426,
            -84.1052,
0.006059,
            51.5058,
            -3.5771942,
0.0481855,
            52.800003,
            -1.6166992,
0.006473,
            -37.833298,
            145,
0.011374,
            52.149994,
            4.5,
0.006494,
            44.0582,
            -121.3153,
0.0077295,
            51.816696,
            -0.80000305,
0.009979,
            -33.710007,
            150.95999,
0.016273,
            53.649994,
            -2.6166992,
0.0252215,
            45.449997,
            -73.4833,
0.0063315,
            49.1333,
            -122.3,
0.0083195,
            45.6167,
            -61.966698,
0.0094455,
            -27.6167,
            152.7667,
0.009405,
            15.096405,
            120.8197,
0.0062305,
            51.350006,
            0.1000061,
0.0295765,
            53.333298,
            -2.75,
0.0075015,
            17.300003,
            -62.716698,
0.0097765,
            40.8021,
            -124.1637,
0.006585,
            51.666702,
            -0.06669617,
0.0080435,
            53.733307,
            -2.9667053,
0.018701,
            6.9319,
            79.84781,
0.0210335,
            51.701096,
            -3.044403,
0.018701,
            14.578598,
            121.12219,
0.0085805,
            46.350006,
            -72.55,
0.0069465,
            54.533295,
            -1.5666962,
0.0658515,
            51.416702,
            -0.28329468,
0.0173835,
            53.433304,
            -3.0666962,
0.0369375,
            52.333298,
            -0.18330383,
0.0083405,
            52.6167,
            -1.6833038,
0.006026,
            41.8763,
            -103.638,
0.007924,
            14.621094,
            -90.5269,
0.105291,
            60.300003,
            24.850006,
0.044074,
            55.833298,
            -4.433304,
0.0085055,
            51.516693,
            -0.69999695,
0.0066875,
            -38.033295,
            145.35,
0.00715,
            51.550003,
            -0.48330688,
0.010847,
            59.894394,
            30.264206,
0.033359,
            54.8833,
            -2.9333038,
0.0086355,
            50.783295,
            -0.6499939,
0.0357965,
            39.7578,
            -94.8364,
0.018097,
            14.450607,
            120.98279,
0.010686,
            39.9403,
            -82.0132,
0.0377015,
            55.699997,
            13.183304,
0.0295,
            45.466705,
            -75.5167,
0.0062545,
            50.850006,
            5.683304,
0.0109045,
            51.316696,
            -0.26669312,
0.00747,
            52.300003,
            -1.9333038,
0.012097,
            39.2667,
            -81.5615,
0.0222375,
            51.583298,
            -0.31669617,
0.006011,
            -33.75,
            151,
0.0066345,
            47.5002,
            -111.3008,
0.0062545,
            51.6167,
            0.31669617,
0.0074025,
            -37.800003,
            145.2833,
0.007264,
            51.483307,
            0.33329773,
0.0084255,
            64.8378,
            -147.7164,
0.0063895,
            60.216705,
            24.666702,
0.007411,
            52.899994,
            -0.6333008,
0.0082935,
            51.266693,
            1.0832977,
0.0063495,
            50.033295,
            -110.6833,
0.008578,
            51.800003,
            -0.19999695,
0.0102945,
            51.550003,
            -0.28329468,
0.0817755,
            52.483307,
            -2.1166992,
0.0063495,
            53.25,
            -2.1166992,
0.0088145,
            -33.75,
            150.70001,
0.007324,
            -34.033295,
            150.7333,
0.04785,
            46.766693,
            23.600006,
0.0063835,
            -37.800003,
            144.9,
0.0154205,
            51.1333,
            0.28329468,
0.0077115,
            51.550003,
            5.116699,
0.023275,
            51.6167,
            0.41670227,
0.0123985,
            20.716705,
            -103.4,
0.007154,
            64.100006,
            -21.916702,
0.0124725,
            47.516693,
            -52.783302,
0.008734,
            52.2583,
            -7.1118927,
0.0100565,
            -34.766693,
            138.6333,
0.073331,
            46.533295,
            6.6667023,
0.029709,
            52.783295,
            -0.16670227,
0.073957,
            25.666702,
            -100.4,
0.0617985,
            54.2872,
            -0.41419983,
0.0480555,
            9.933304,
            -84.0833,
0.013158,
            25.362198,
            55.391098,
0.0061105,
            44.75,
            -79.9,
0.0103525,
            52.399994,
            -0.7167053,
0.011044,
            -37.983307,
            145.20001,
0.0236645,
            -22.899994,
            -47.083298,
0.026366,
            52.216705,
            6.899994,
0.007367,
            51.3833,
            -0.30000305,
0.0205485,
            18.533295,
            73.8667,
0.230765,
            32.1817,
            34.935806,
0.015702,
            45.016693,
            -74.7333,
0.0377675,
            53.156097,
            -6.914398,
0.0069025,
            40.833298,
            14.25,
0.006568,
            3.8666992,
            11.516693,
0.0161005,
            52.300003,
            -1.5332947,
0.0062995,
            43.899994,
            -78.6833,
0.0108905,
            -37.783295,
            175.2833,
0.0535235,
            -32.916702,
            151.75,
0.013566,
            53.533295,
            -2.800003,
0.0258605,
            51.550003,
            0.21670532,
0.006692,
            52.6333,
            4.75,
0.0069465,
            -37.933304,
            145.2333,
0.0658515,
            45.399994,
            -74.0333,
0.0063495,
            52.800003,
            -2.100006,
0.006045,
            -30.033295,
            -51.199997,
0.0075625,
            53.600006,
            -2.300003,
0.014975,
            45.8833,
            -64.35,
0.0102945,
            53.300003,
            -1.1333008,
0.011374,
            51.1333,
            0.8833008,
0.07848,
            52.683304,
            -2.016693,
0.0098425,
            17.375305,
            78.474396,
0.007411,
            44.166702,
            -77.3833,
0.0145285,
            38.716705,
            -9.133301,
0.013718,
            -38.158295,
            144.35,
0.0160435,
            51.183304,
            0.28329468,
0.0269215,
            53.416702,
            -2.300003,
0.0084385,
            51.550003,
            0.05000305,
0.007301,
            46.5435,
            -87.3954,
0.02544,
            -4.050003,
            39.666702,
0.013602,
            55.6333,
            -4.5332947,
0.0081315,
            52.283295,
            -1.5832977,
0.0158455,
            42.8335,
            -107.7695,
0.006881,
            51.8833,
            0.56669617,
0.008785,
            52.050003,
            -1.3332977,
0.021494,
            -38.033295,
            145.29999,
0.0083995,
            56.1167,
            -3.949997,
0.006059,
            -33.8667,
            150.95001,
0.0079045,
            50.850006,
            -1.1833038,
0.0060725,
            46.199997,
            6.1667023,
0.0070525,
            -37.8833,
            145.1333,
0.0074815,
            58.166702,
            8,
0.0239865,
            51.75,
            19.466705,
0.011663,
            51.699997,
            -0.44999695,
0.0357965,
            13.133301,
            -61.216698,
0.0085675,
            -0.21670532,
            -78.5,
0.007816,
            -37.833298,
            144.9833,
0.0072215,
            44.1636,
            -93.9994,
0.009584,
            51.8833,
            -0.5166931,
0.0060725,
            52.050003,
            -2.7167053,
0.0167375,
            23.723099,
            90.4086,
0.006321,
            51.949997,
            -0.26669312,
0.0061535,
            51.406693,
            -3.269394,
0.0090635,
            31.4638,
            -100.437,
0.010351,
            45.466705,
            -73.8833,
0.0098025,
            50.983307,
            -0.1000061,
0.0084085,
            51.066696,
            -1.7832947,
0.0082805,
            31.549698,
            74.3436,
0.006504,
            51.550003,
            0.6667023,
0.0748835,
            50.338303,
            -4.765793,
0.0156035,
            51.266693,
            -0.7333069,
0.0063545,
            28.466705,
            77.033295,
0.0098815,
            -37.75,
            144.9667,
0.006527,
            53.266693,
            -2.5,
0.0167375,
            51.016693,
            -1.3166962,
0.0154205,
            51.350006,
            -0.7333069,
0.006026,
            31.896896,
            34.818604,
0.0085085,
            53.199997,
            -105.75,
0.0062485,
            52.566696,
            -1.8166962,
0.0063495,
            51.433304,
            0.36669922,
0.007342,
            54.686096,
            -1.2124939,
0.0480555,
            51.783295,
            0.6333008,
0.0087185,
            -37.733307,
            145.15,
0.030575,
            51.399994,
            -1.3166962,
0.0150705,
            50.6333,
            5.566696,
0.0173835,
            -3.3166962,
            -41.416702,
0.052403,
            51.516693,
            -1.7832947,
0.0062625,
            52.75,
            0.38330078,
0.0081505,
            14.5525055,
            121.06781,
0.008486,
            10.649994,
            -61.449997,
0.0091265,
            -37.833298,
            145.06671,
0.0118095,
            49.683304,
            -125,
0.0062485,
            5.8332977,
            -55.166702,
0.0084025,
            46.399994,
            -63.783302,
0.0076085,
            53.699997,
            -1.6166992,
0.1987945,
            19.050003,
            -98.2,
0.014279,
            -37.916702,
            144.79999,
0.0059675,
            45.550003,
            10.25,
0.015975,
            -29.850006,
            31.016693,
0.005978,
            -37.899994,
            144.66669,
0.0086295,
            51.649994,
            -0.19999695,
0.009979,
            52.050003,
            4.5,
0.0223615,
            40.1948,
            -92.5832,
0.0068645,
            52.716705,
            -2.733307,
0.009277,
            53.533295,
            -0.05000305,
0.062298,
            -37.716705,
            145,
0.007367,
            51.601395,
            -3.344696,
0.0071195,
            45.749405,
            21.227203,
0.0062305,
            -37.916702,
            145,
0.0085805,
            44.416702,
            8.949997,
0.0066495,
            48.949997,
            -57.933296,
0.006406,
            56,
            -3.766693,
0.013133,
            53.583298,
            -0.6499939,
0.006822,
            44.1167,
            -79.5667,
0.0124295,
            -38.216705,
            145.0333,
0.0085805,
            48.466705,
            -81.3333,
0.0269215,
            -33.891693,
            151.2667,
0.0118135,
            50.8667,
            -1.0166931,
0.010674,
            39.9272,
            32.864395,
0.006891,
            -38.083298,
            145.25,
0.013566,
            45.516693,
            -73.6667,
0.022281,
            51.216705,
            3.233307,
0.00697,
            53.266693,
            -113.5333,
0.0173785,
            38.1167,
            13.366699,
0.0095125,
            59.850006,
            17.6333,
0.0123625,
            55.766693,
            -4.1667023,
0.0063235,
            51.5,
            -0.6000061,
0.0072215,
            -27.583298,
            -48.566696,
0.006815,
            -37.850006,
            145,
0.0193405,
            -33.916702,
            151.0333,
0.0681895,
            52.233307,
            5.183304,
0.014956,
            52.666702,
            0.16670227,
0.0070525,
            54.066696,
            -2.850006,
0.1270375,
            41.1333,
            16.850006,
0.1918545,
            51.3833,
            0.5166931,
0.0071225,
            52.466705,
            -0.9167023,
0.00764,
            51.783295,
            1.1667023,
0.0275335,
            24.8667,
            67.05,
0.0070915,
            12.100006,
            -68.9167,
0.018992,
            -33.783295,
            150.93329,
0.0123,
            12.050003,
            -61.75,
0.0558825,
            -27.966705,
            153.4,
0.0154205,
            51.899994,
            -1.1499939,
0.0083995,
            44.833298,
            -0.56669617,
0.0105305,
            -33.75,
            150.75,
0.1455045,
            54.850006,
            -1.5666962,
0.006484,
            -25.965302,
            32.589203,
0.011633,
            -37.816696,
            145.0333,
0.0061065,
            50.966705,
            -1.3500061,
0.0085805,
            -34.733307,
            138.65,
0.88,
            53.3833,
            -2.350006,
0.006494,
            54.350006,
            18.666702,
0.1987945,
            43.699997,
            7.25,
0.0302275,
            -37.8667,
            145.2833,
0.014956,
            53.350006,
            -2.733307,
0.0158455,
            45.42,
            -73.64,
0.0075625,
            32.165802,
            34.8367,
0.00955,
            52.083298,
            -1.9333038,
0.0062695,
            51.916702,
            -0.6499939,
0.0070215,
            -28.016693,
            153.43329,
0.0075715,
            47.649994,
            -52.7333,
0.007661,
            -33.816696,
            151,
0.0084395,
            -37.583298,
            144.7333,
0.009085,
            45.683304,
            -73.6333,
0.025356,
            69.6667,
            18.966705,
0.0102795,
            44.183304,
            28.649994,
0.0097905,
            59.742493,
            10.2117,
0.021494,
            43.649994,
            -79.9333,
0.0075025,
            43.3667,
            -80.9833,
0.0101495,
            -37.816696,
            145.1333,
0.033359,
            -33.699997,
            151.1,
0.0116,
            51.199997,
            -1.4833069,
0.012102,
            55.8833,
            -3.5332947,
0.0085835,
            -27.350006,
            152.9833,
0.009513,
            -37.649994,
            145.0333,
0.0136365,
            54.516693,
            -6.066696,
0.045936,
            55.8667,
            -4.0332947,
0.008045,
            53.449997,
            -2.0832977,
0.008785,
            10.649994,
            -61.416702,
0.0072595,
            52.149994,
            5.383301,
0.006026,
            -37.783295,
            144.9833,
0.013602,
            40.199997,
            -8.416702,
0.00714,
            53.983307,
            -1.5332947,
0.01608,
            43.833298,
            -66.1167,
0.018837,
            51.399994,
            -1.2666931,
0.006484,
            44.666702,
            10.916702,
0.0295765,
            19.300003,
            -81.3833,
0.0076725,
            45.083298,
            -64.3667,
0.0070625,
            50.850006,
            0.6000061,
0.008734,
            43.1333,
            -80.75,
0.0171895,
            3.0832977,
            101.533295,
0.0063025,
            32.150803,
            34.888306,
0.006405,
            10.649994,
            -61.466698,
0.00736,
            53.5,
            -2.100006,
0.012336,
            42.783295,
            -81.1833,
0.013566,
            51.583298,
            -3.2167053,
0.0154205,
            54.066696,
            -2.8332977,
0.0062485,
            51.460007,
            -2.1246948,
0.013705,
            43.899994,
            -78.8,
0.0084855,
            32.0114,
            34.7722,
0.029914,
            53.550003,
            10,
0.0284125,
            9.1757965,
            7.1808014,
0.1918545,
            53.718903,
            -6.3477936,
0.007458,
            56.149994,
            10.216705,
0.006402,
            10.633301,
            -61.333298,
0.094662,
            46.199997,
            -59.966698,
0.0080285,
            52.983307,
            -0.016693115,
0.025877,
            51.983307,
            5.9167023,
0.007816,
            44.583298,
            -75.6833,
0.0111915,
            50.783295,
            -1.0666962,
0.009638,
            45.3667,
            -63.300003,
0.021102,
            -37.850006,
            145.2667,
0.0063455,
            44.350006,
            -78.7333,
0.006639,
            52.483307,
            -0.6667023,
0.2358225,
            51.266693,
            -114.0167,
0.013718,
            -16.666702,
            -49.266693,
0.0089425,
            53.483307,
            -2.266693,
0.0166185,
            52.300003,
            4.699997,
0.027099,
            53.8833,
            -1.9167023,
0.011374,
            44.600006,
            -79.4167,
0.0236645,
            44.800003,
            10.333298,
0.006542,
            50.8833,
            4.699997,
0.012336,
            49.183304,
            -2.100006,
0.0091145,
            43.225006,
            -79.98,
0.008937,
            52.516693,
            5.449997,
0.008734,
            52.483307,
            1.75,
0.006054,
            56.399994,
            -3.4333038,
0.0067795,
            45.449997,
            11,
0.006321,
            45.449997,
            -73.85,
0.006643,
            53.483307,
            -2.516693,
0.0097765,
            51.600006,
            0.5166931,
0.0128615,
            -37.766693,
            145,
0.0102945,
            51.416702,
            -0.8332977,
0.0118135,
            51.233307,
            -0.16670227,
0.0062575,
            51.800003,
            4.6667023,
0.012719,
            53.215805,
            -6.6669006,
0.012512,
            -37.8667,
            145.0333,
0.029914,
            -40.350006,
            175.6167,
0.0063905,
            42.563,
            -114.4609,
0.006204,
            53.533295,
            -113.9167,
0.0493535,
            19.449997,
            -70.7,
0.013158,
            44.566696,
            -80.85,
0.0063835,
            51.75,
            -2.199997,
0.0072,
            45.550003,
            11.550003,
0.0073175,
            14.592499,
            121.0712,
0.006705,
            38.533295,
            -8.899994,
0.036698,
            50.433304,
            -3.5666962,
0.0346175,
            -32.949997,
            151.66669,
0.0091145,
            -34.033295,
            150.85,
0.005998,
            52.25,
            6.199997,
0.006081,
            49.283295,
            -122.85,
0.0155845,
            -45.8667,
            170.5,
0.0075535,
            43.800003,
            -79.53,
0.0065695,
            51.600006,
            -1.25,
0.0976015,
            32.1472,
            34.841705,
0.007324,
            51.449997,
            0.1499939,
0.006208,
            46.916702,
            7.4667053,
0.0227415,
            45.583298,
            -62.6333,
0.006285,
            -42.916702,
            147.33331,
0.008961,
            52.399994,
            0.26669312,
0.006024,
            48.416702,
            -71.25,
0.006394,
            31.949997,
            35.933304,
0.0196785,
            22.569702,
            88.36969,
0.0066025,
            56.1167,
            -3.1667023,
0.0184475,
            50.800003,
            -0.5332947,
0.0061405,
            51.3667,
            1.1333008,
0.0087295,
            50.800003,
            -1.1333008,
0.012102,
            60.449997,
            22.283295,
0.007407,
            51.318893,
            -2.208603,
0.062298,
            38.4104,
            27.141998,
0.0075535,
            13.444305,
            144.78629,
0.00718,
            50.399994,
            -105.55,
0.0280965,
            46.149994,
            -67.5667,
0.0377675,
            14.621094,
            121.07031,
0.0064385,
            52.033295,
            5.6667023,
0.0060595,
            52.183304,
            0.9833069,
0.0073175,
            -33.886093,
            151.21439,
0.0069415,
            50.833298,
            -0.7832947,
0.0073695,
            45.899994,
            -77.2833,
0.0062485,
            43.916702,
            -78.5833,
0.0080285,
            47.600006,
            -65.65,
0.022905,
            52.6333,
            1.75,
0.021052,
            28.8053,
            -97.0036,
0.007984,
            51.583298,
            -0.3999939,
0.008242,
            52.683304,
            -1.8166962,
0.0086825,
            -19.25,
            146.79999,
0.006176,
            52.183304,
            -1.699997,
0.056487,
            37.377197,
            -5.9868927,
0.0118135,
            53.333298,
            -2.233307,
0.0085575,
            51.216705,
            -0.33329773,
0.029709,
            52.3833,
            -2.25,
0.0103525,
            50.850006,
            0.56669617,
0.0295,
            32.088593,
            34.872192,
0.006501,
            -33.733307,
            150.8833,
0.007421,
            -37.974,
            145.25601,
0.039261,
            54.149994,
            -4.483307,
0.0121345,
            45.733307,
            -63.8667,
0.006732,
            10.633301,
            -61.3833,
0.0193405,
            51.716705,
            0.68330383,
0.0168915,
            55.766693,
            -3.9167023,
0.0068475,
            51.3833,
            0.033294678,
0.0065695,
            20.966705,
            -89.6167,
0.086481,
            51.783295,
            -1.4833069,
0.634667,
            51.533295,
            0.55000305,
0.013067,
            52.216705,
            -0.26669312,
0.011168,
            -33.916702,
            151.16669,
0.012962,
            59.411896,
            5.2774963,
0.009134,
            52.533295,
            -1.3666992,
0.0084385,
            53.833298,
            -1.7666931,
0.0161005,
            -37.833298,
            144.93329,
0.099313,
            -27.983307,
            153.33331,
0.016761,
            54.899994,
            23.899994,
0.006616,
            45.416702,
            -75.6,
0.006394,
            53.033295,
            -1.4667053,
0.0210425,
            53.683304,
            -1.300003,
0.008578,
            51.649994,
            -0.26669312,
0.0083195,
            52.550003,
            -2.016693,
0.006059,
            55.0047,
            -1.4727936,
0.0108355,
            53.533295,
            -7.350006,
0.0063835,
            -37.600006,
            144.95001,
0.0103525,
            -33.6167,
            150.81671,
0.0080005,
            10.649994,
            -61.4,
0.0578245,
            51.199997,
            -0.80000305,
0.006402,
            51.6131,
            -3.403595,
0.010059,
            18.416702,
            -64.6167,
0.01057,
            -33.800003,
            151.08331,
0.0072595,
            51.449997,
            -0.28329468,
0.017585,
            10.416702,
            -61.449997,
0.0092455,
            50.433304,
            30.516693,
0.010686,
